4294967278,6
4294967278,5
4294967278,4
4294967278,10
4294967278,9
4294967278,8
4294967278,7
4294967278,375
4294967278,200
4294967278,318
4294967278,316
4294967278,196
4294967278,22
4294967278,21
4294967278,20
4294967278,19
4294967278,18
4294967278,17
4294967278,16
4294967278,15
4294967278,14
4294967278,13
4294967278,12
4294967278,11
4294967278,312
4294967278,53
4294967278,52
4294967278,51
4294967278,50
4294967278,49
4294967278,48
4294967278,47
4294967278,46
4294967278,45
4294967278,44
4294967278,43
4294967278,42
4294967278,41
4294967278,297
4294967278,40
4294967278,340
4294967278,39
4294967278,296
4294967278,38
4294967278,37
4294967278,36
4294967278,35
4294967278,34
4294967278,33
4294967278,32
4294967278,293
4294967278,31
4294967278,338
4294967278,30
4294967278,29
4294967278,28
4294967278,27
4294967278,26
4294967278,137
4294967278,25
4294967278,24
4294967278,23
4294967279,65
4294967279,57
4294967279,56
4294967279,55
4294967279,54
4294967279,52
4294967279,50
4294967279,48
4294967279,44
4294967279,42
4294967279,40
4294967279,39
4294967279,34
4294967279,31
4294967279,30
4294967279,28
4294967279,22
4294967279,20
4294967279,18
4294967279,17
4294967279,16
4294967279,15
4294967279,174
4294967279,260
4294967278,311
4294967278,310
4294967279,569
4294967278,309
4294967278,188
4294967278,187
4294967294,1417
4294967278,186
4294967278,306
4294967278,374
4294967279,568
4294967278,305
4294967278,182
4294967278,180
4294967278,179
4294967278,302
4294967279,567
4294967279,66
4294967279,176
4294967278,178
39,6
4294967279,178
39,5
4294967278,177
39,4
4294967279,177
39,3
39,2
39,1
4294967279,566
4294967278,176
4294967279,62
4294967279,61
4294967279,296
4294967278,172
4294967279,60
4294967279,295
4294967278,171
4294967279,171
4294967294,37
4294967294,36
4294967294,39
4294967294,199
4294967278,170
4294967278,300
4294967279,58
4294967279,170
4294967279,293
4294967278,169
4294967279,169
4294967279,168
4294967278,167
4294967279,165
4294967279,167
4294967278,166
4294967279,166
4294967294,40
4294967279,164
4294967279,163
4294967279,162
4294967279,161
4294967279,46
4294967279,160
36,4
4294967279,159
36,3
36,2
36,1
4294967279,158
4294967279,157
4294967279,155
35,4
35,3
35,2
35,1
4294967279,154
4294967279,153
4294967294,1418
4294967279,41
4294967279,152
4294967279,531
4294967279,151
34,6
4294967279,37
4294967279,148
4294967279,529
4294967279,528
34,5
4294967279,147
4294967279,146
34,4
34,3
34,2
34,1
4294967279,145
4294967279,144
4294967294,120
4294967279,32
4294967279,143
4294967279,142
33,5
4294967279,27
4294967279,140
33,4
4294967279,139
33,3
33,2
33,1
4294967279,525
4294967294,89
4294967294,1026
4294967294,162
4294967294,198
4294967294,1030
4294967279,138
4294967279,135
4294967279,25
4294967279,285
4294967279,284
32,5
4294967279,134
4294967279,133
32,4
32,3
32,2
32,1
4294967279,271
4294967279,270
4294967294,387
4294967294,388
4294967294,470
4294967294,393
4294967294,392
4294967294,46
4294967294,389
4294967294,115
4294967279,282
4294967279,267
4294967279,279
31,5
4294967279,277
31,4
4294967279,265
31,3
31,2
31,1
4294967279,565
4294967279,14
0,7
4294967279,264
4294967279,13
4294967279,276
4294967279,523
4294967279,273
4294967294,390
4294967294,44
4294967294,469
4294967279,522
4294967279,258
4294967279,259
4294967279,564
4294967279,274
4294967279,563
4294967278,373
4294967294,409
4294967294,396
4294967294,420
4294967294,407
4294967294,1076
4294967294,1047
4294967294,444
4294967294,168
4294967294,167
4294967294,183
4294967294,109
4294967294,412
4294967294,118
4294967294,468
4294967294,169
4294967279,253
4294967279,281
4294967278,331
4294967279,562
4294967294,1077
4294967278,372
4294967278,330
4294967278,371
4294967279,561
4294967294,42
4294967294,76
4294967279,560
4294967294,1
4294967294,424
4294967294,2
4294967294,427
4294967294,45
4294967294,1031
4294967294,1032
4294967294,186
4294967294,82
4294967294,51
4294967294,53
4294967294,417
4294967278,256
12,2
4294967278,370
4294967294,91
4294967294,88
4294967294,87
4294967294,85
4294967294,84
4294967294,419
4294967279,559
4294967278,369
4294967294,83
4294967278,255
4294967279,558
4294967279,0
4294967294,0
4294967294,17
4294967294,99
4294967294,107
4294967294,50
4294967294,92
4294967294,90
4294967294,86
4294967294,1078
4294967294,29
4294967294,1049
4294967294,28
4294967294,1048
4294967294,27
4294967294,1074
4294967294,26
4294967294,52
4294967294,41
4294967294,38
4294967294,1416
4294967294,43
4294967294,471
4294967294,25
4294967294,96
4294967294,94
4294967278,368
4294967278,0
4294967294,9
4294967278,254
4294967294,8
4294967278,325
4294967294,6
4294967294,22
